23
[1  1  1  0  0  0  1  1  0  1  1  0  0  0  0  0  1  1  1  0  1  0  1]
[1  0  0  0  1  1  1  0  1  1  1  0  0  1  0  0  0  0  1  0  1  1]
[1  0  1  1  1  0  1  0  1  1  1  0  0  0  1  0  0  0  1  1]
[1  1  0  0  0  0  1  1  0  0  1  1  0  1  1  0  0  1  1  0  1  1]
[1]
[1  0  0  0  0  0  0  1  0  1  1  0  1  1  1  1  0  0  0  0  0  0  1]
[1  0  1  0  0  1  0  0  0  1  1  1  0  1  1  0  1  0  1  1  1]
[1]
4197091
4197091
9343
[1  0  0  0  0  1  0  0  0  0  0  0  0  0  0  0  0  0  0  0  0  0  0  1]
#
