29
[1  1  0  1  1  0  0  1  1  0  0  1  1  1  0  0  0  0  0  1  0  0  0  1  0  1]
[0  1  0  1  0  1  0  1  0  1  1  0  0  1  1  1  1  1  1  1  0  0  1  0  0  1]
[1  1  0  1  1  1  1  0  0  1  1  0  1  1  1  0  0  0  1  0  0  1  1  1  0  1  0  0  1]
[0  1  0  1  1  0  0  1  0  1  1  1  0  0  0  0  0  0  1  0  0  1  0  1  1  1  0  0  1]
[1]
[1  1  1  1  0  0  0  1  0  1  1  0  1  0  1  0  0  1  0  1  0  0  0  0  1]
[1  0  0  1  1  1  1  0  1  0  1  1  1  0  1  0  1  0  0  1  1  1  1  1  0  1  1  0  1]
[1]
268438873
268438873
9343
[1  0  1  0  0  0  0  0  0  0  0  0  0  0  0  0  0  0  0  0  0  0  0  0  0  0  0  0  0  1]
#
