37
[0  0  1  0  0  1  0  1  1  1  1  1  0  0  0  0  1  0  0  1  0  1  0  1  0  0  0  1  0  0  1  1  0  1]
[0  0  0  0  1  1  1  0  0  0  1  0  1  1  0  1  1  1  1  0  0  0  0  0  1  0  1  1  1  1  1  1  0  1]
[0  1  0  0  0  1  1  1  0  1  0  1  1  1  1  0  0  0  1  0  1  1  1  0  1  0  1  0  1  0  0  1  1  1  0  0  1]
[1  0  1  1  1  0  0  0  0  1  0  0  1  1  0  0  1  0  1  0  1  1  1  0  0  1  0  1  0  1  1  1  1  1  0  1  1]
[1]
[0  1  1  0  0  1  0  0  1  1  0  1  0  0  1  1  0  0  1  0  0  1  1  0  1  1  0  0  0  1  0  1  0  0  1  1]
[1  1  0  0  0  1  0  1  0  0  1  0  0  1  0  1  0  1  1  0  1  1  1  0  0  1  0  0  1  0  0  1  0  1  1  1  1]
[1]
68719525583
68719525583
9343
[1  1  1  1  1  1  0  0  0  0  0  0  0  0  0  0  0  0  0  0  0  0  0  0  0  0  0  0  0  0  0  0  0  0  0  0  0  1]
#
