43
[1  1  1  0  1  1  0  1  0  1  0  1  0  1  0  1  0  1  0  1  1  1  1  1  1  1  1  0  1  1  0  1  0  0  1  1  0  1  0  1  1  1]
[0  0  0  1  0  1  1  0  0  1  1  1  0  1  1  1  0  0  0  1  0  1  1  0  1  1  1  0  1  0  0  1  1  1  1  0  1  1  0  0  0  1]
[0  1  0  1  0  1  1  1  1  0  1  0  0  1  0  0  0  0  1  1  0  1  1  0  1  0  1  0  0  1  1  1  1  1  1  0  0  0  0  1  1  1  1]
[1  1  1  1  1  0  1  0  0  1  1  1  0  0  0  0  0  0  0  0  1  1  0  0  0  1  0  0  1  0  0  1  0  0  0  0  0  0  1  1]
[1]
[1  0  0  0  1  1  0  0  0  0  0  1  0  0  0  0  0  0  1  1  0  0  1  0  1  0  1  1  0  1  0  0  1  1  1  1  1  1  1  1  1]
[0  1  0  0  1  0  0  0  1  0  1  1  1  0  1  1  1  0  0  1  0  1  1  1  0  0  1  1  0  0  0  0  0  1  1  0  0  1  1  0  1  1  1]
[1]
4398048433487
4398048433487
9343
[1  0  0  1  1  0  1  0  0  0  0  0  0  0  0  0  0  0  0  0  0  0  0  0  0  0  0  0  0  0  0  0  0  0  0  0  0  0  0  0  0  0  0  1]
#
