50
[1  0  0  1  0  0  0  0  0  1  1  1  1  0  1  0  1  1  1  0  1  0  1  1  0  1  1  0  1  1  0  0  1  1  1  1  1  0  0  1  0  0  0  0  0  0  1  0  1  1]
[1  0  1  1  1  1  1  0  0  1  0  1  1  0  1  0  0  1  0  1  0  0  1  1  0  1  0  1  0  0  1  0  1  1  1  1  1  0  0  0  1  1  0  0  0  0  1  1  1]
[1  0  1  0  0  0  1  1  0  0  1  1  0  1  0  0  0  0  0  0  0  0  0  1  0  0  1  1  0  0  0  1  1  0  1  1  0  0  0  0  0  1  0  1  0  1  0  1]
[0  0  1  1  1  0  1  0  1  0  1  0  1  1  0  1  0  1  0  1  1  1  1  1  0  1  1  0  1  1  1  0  1  0  0  1  1  0  1  0  1  1  1  0  0  1  1  1]
[1]
[1  0  0  0  1  0  0  1  1  0  1  1  0  1  1  0  0  0  1  1  0  0  1  1  1  1  1  0  0  1  0  1  0  0  0  1  0  0  0  0  0  0  1  0  1  0  0  0  1]
[0  1  1  1  1  0  1  1  1  0  1  1  1  1  1  0  0  1  1  0  0  0  1  0  1  1  0  0  1  1  0  1  1  1  0  1  0  1  1  0  1  1  0  1  0  1  1  0  0  1]
[1]
562949976920501
562949976920501
9343
[1  0  1  0  1  0  1  0  1  1  1  0  1  1  1  0  1  1  0  1  0  0  0  0  0  0  0  1  1  1  0  0  0  0  0  0  0  0  0  0  0  0  0  0  0  0  0  0  0  0  1]
#
50
[1  1  0  0  0  1  1  0  0  0  1  0  1  0  1  0  0  0  0  0  0  0  1  0  1  1  1  0  1  1  0  0  1  0  0  0  1  0  0  1  1  0  1  0  0  0  0  1  0  1]
[1  1  1  0  0  0  0  0  0  1  1  0  1  0  1  0  1  1  1  1  1  1  0  1  1  1  1  0  0  1  1  0  0  1  1  1  0  0  1  1  1  1  0  0  1  1  1]
[1  0  1  1  0  1  1  1  1  1  1  0  0  1  1  1  0  0  1  1  0  0  0  1  1  1  1  0  1  0  0  0  1  0  0  1  1  0  0  0  1  1  1  0  1  0  0  0  1  1]
[1  1  1  1  1  0  0  0  0  0  0  1  0  1  0  0  0  0  1  0  0  1  1  0  1  1  1  0  1  0  0  0  1  0  1  1  0  0  0  1  0  1  1  0  0  0  0  0  0  1]
[1]
[0  0  0  1  0  1  1  0  1  0  1  1  1  1  0  0  0  1  0  0  1  1  1  0  0  0  0  0  1  0  1  0  0  1  1  0  1  1  0  1  0  1  0  0  1  0  1  0  1]
[1  1  0  0  0  0  0  0  1  1  0  1  1  1  1  0  1  1  1  0  0  0  1  1  0  0  0  1  0  0  1  1  0  1  0  1  1  1  0  1  1  0  0  0  1  0  1  1  0  1]
[1]
562949954241449
562949954241449
9343
[1  0  1  0  1  0  1  0  1  1  1  0  1  1  1  0  1  1  0  1  0  0  0  0  0  0  0  1  1  1  0  0  0  0  0  0  0  0  0  0  0  0  0  0  0  0  0  0  0  0  1]
#
50
[0  0  1  0  0  1  0  1  1  0  1  1  1  0  1  1  1  0  1  0  1  0  1  1  1  1  1  1  1  1  1  1  1  0  1  0  0  1  1  0  0  0  1  0  0  1  0  1  0  1]
[1  0  1  1  0  1  1  0  1  1  1  1  0  1  1  0  0  1  0  1  0  0  0  1  0  1  1  1  0  0  1  0  1  0  0  0  0  1  0  1  0  0  1  1  1  1]
[1  0  0  1  0  0  0  1  1  1  0  0  1  0  0  0  0  0  1  0  0  1  0  0  1  1  1  1  0  0  0  0  0  0  0  1  0  1  1  1  0  1  0  0  1  0  0  0  1]
[0  1  0  0  1  1  0  0  1  0  1  0  0  1  0  1  0  1  1  0  1  0  0  0  1  1  1  0  0  1  0  0  0  0  1  1  1  0  0  1  1  1  1  0  0  0  0  1  1  1]
[1]
[1  0  1  1  1  1  1  0  1  0  1  1  0  0  0  0  1  1  1  0  1  1  1  1  1  1  1  0  0  1  0  1  1  1  0  0  0  1  0  1  1  1  0  1  0  0  0  1  0  1]
[0  0  1  0  0  0  0  0  0  0  1  1  0  0  0  0  1  1  1  0  1  1  1  0  1  1  0  1  1  1  1  1  1  1  0  0  0  0  0  1  0  1  1  1  1  1  0  0  0  1]
[1]
562949980908223
562949980908223
9343
[1  0  1  0  1  0  1  0  1  1  1  0  1  1  1  0  1  1  0  1  0  0  0  0  0  0  0  1  1  1  0  0  0  0  0  0  0  0  0  0  0  0  0  0  0  0  0  0  0  0  1]
#
