74
[1  0  0  1  0  1  1  0  0  1  1  1  1  0  0  0  1  1  1  0  1  0  0  0  1  0  1  1  0  1  1  0  0  0  0  1  0  1  1  1  0  1  1  1  0  0  0  0  1  0  0  0  0  1  0  1  0  1  0  0  0  1  0  0  0  0  0  0  1  1  1  0  0  1]
[0  0  0  0  1  1  0  1  0  0  0  1  1  0  1  1  1  0  0  1  0  0  1  0  0  1  1  0  0  0  1  1  1  0  0  1  0  0  1  0  1  1  1  1  1  1  1  1  0  1  0  0  0  1  1  0  1  1  0  0  1  1  1  0  1  1  1  1  1  1  1  0  0  1]
[0  0  1  0  1  1  0  1  1  1  0  0  0  1  1  1  0  0  1  1  1  0  1  1  1  0  0  0  0  1  0  0  1  1  1  0  0  0  1  1  1  0  1  0  1  0  1  1  0  1  1  1  1  0  1  0  1  0  1  0  1  0  0  0  1  1  0  1  0  1  0  1  1]
[0  1  0  0  0  1  1  0  0  0  1  0  1  1  0  0  1  1  0  0  1  0  1  0  0  1  0  0  0  1  1  1  1  1  1  1  1  0  1  1  0  1  1  1  0  0  1  1  1  0  1  0  0  0  0  0  0  1  1  1  1  0  0  0  1  1  1]
[1]
[1  1  0  0  0  1  1  0  0  1  0  0  0  1  0  0  0  0  1  0  0  1  1  0  1  1  0  0  0  1  0  0  0  0  1  0  0  0  1  1  0  0  0  0  0  1  1  1  1  0  1  0  1  0  0  0  1  1  0  1  0  1  0  1  1  1  1  1  0  1  1  1  1  1]
[1  0  1  0  0  1  1  1  1  0  1  0  0  1  0  0  1  1  1  1  1  0  0  0  1  1  0  0  1  0  1  0  1  0  0  0  1  1  0  1  1  1  0  1  1  0  0  0  0  1  0  1  1  0  1  1  1  1  1  0  0  1  1  0  0  1  0  1  1  0  0  1  0  1]
[1]
9444732965751752256139
9444732965751752256139
9343
[1  0  0  1  0  0  0  0  1  0  0  1  1  1  0  0  1  1  0  0  0  1  0  0  1  0  1  1  1  1  1  1  1  1  1  1  1  1  0  0  0  0  0  0  0  0  0  0  0  0  0  0  0  0  0  0  0  0  0  0  0  0  0  0  0  0  0  0  0  0  0  0  0  0  1]
#
74
[1  0  0  1  1  0  0  0  0  0  0  1  0  0  0  1  0  1  1  1  0  0  0  1  0  1  0  0  1  0  0  0  1  1  0  1  0  1  1  0  1  1  0  1  1  0  1  0  0  1  0  1  0  0  0  0  0  1  1  1  0  0  1  0  0  1  1  1  1  0  1  1  1  1]
[0  1  0  1  1  1  1  0  0  0  0  0  0  0  0  1  0  1  1  1  0  1  0  1  1  1  1  1  1  0  1  0  0  0  0  0  0  0  1  0  0  0  1  0  0  1  0  0  0  0  1  1  1  0  1  0  1  1  1  1  0  1  0  0  1  0  0  1  1  0  0  0  1  1]
[1  0  0  1  0  0  1  0  0  1  1  1  1  1  1  1  1  1  0  1  1  0  0  1  0  0  0  1  0  0  0  0  1  1  0  1  1  0  1  0  0  0  0  1  0  1  1  0  1  1  0  1  1  0  0  1  0  1  1  0  0  1  1  0  0  0  1  1  1  1  1  1  1]
[0  0  0  0  0  1  1  0  1  1  1  1  0  1  0  1  1  0  1  1  1  1  0  1  0  1  1  1  1  1  0  0  0  1  1  0  1  0  0  1  0  1  1  1  1  1  1  1  1  1  1  1  1  0  0  0  0  1  0  1  0  1  1  0  1  1  0  1  0  0  1]
[1]
[0  1  0  0  0  0  0  1  1  0  0  0  0  0  0  0  1  1  0  1  0  0  0  0  0  0  1  1  1  0  1  1  0  1  0  0  1  0  1  1  1  0  0  0  0  1  1  1  1  1  0  1  1  1  0  1  0  0  1  1  1  1  0  1  1  1  1  1  0  1  1  1  1  1]
[0  0  1  1  1  0  1  1  0  0  0  0  0  1  1  1  0  0  0  0  1  1  1  0  0  0  0  1  1  0  0  1  0  0  0  0  1  1  0  1  0  1  1  0  1  1  1  1  0  1  1  0  0  1  0  1  1  1  0  0  0  1  1  0  0  1  0  1  1  0  1  0  1  1]
[1]
9444732965754572252227
9444732965754572252227
9343
[1  0  0  1  0  0  0  0  1  0  0  1  1  1  0  0  1  1  0  0  0  1  0  0  1  0  1  1  1  1  1  1  1  1  1  1  1  1  0  0  0  0  0  0  0  0  0  0  0  0  0  0  0  0  0  0  0  0  0  0  0  0  0  0  0  0  0  0  0  0  0  0  0  0  1]
#
