17
[1  1  1  0  1  0  0  1  0  1  1  0  0  1  0  0  1]
[1  1  0  0  0  1  1  0  0  0  1  1  0  1  1]
[1  1  0  1  1  0  0  1  0  1  0  0  1  1  1  0  1]
[1  1  0  0  0  1  0  0  1  0  0  1  0  1  1  1  1]
[1]
[1  0  0  1  1  0  1  1  0  0  0  1  0  1  0  1]
[0  0  0  1  0  1  1  1  0  1  1  1  1  0  1  1  1]
[1]
65563
65563
9343
[1  0  0  1  0  0  0  0  0  0  0  0  0  0  0  0  0  1]
#
17
[1  1  1  1  1  0  0  0  0  1  0  0  1  0  1  1  1]
[1  1  0  1  0  0  0  0  1  1  0  1  1  1  1]
[1  0  1  0  1  0  0  0  0  1  1  1  0  1  1  1  1]
[1  0  0  0  0  1  1  0  0  1  0  1  1  1  0  1]
[1]
[1  1  1  1  0  0  0  0  0  1  1  0  1  1  0  1  1]
[0  1  0  0  0  0  0  1  0  0  1  1  0  1  1  1]
[1]
65647
65647
9343
[1  0  0  1  0  0  0  0  0  0  0  0  0  0  0  0  0  1]
#
