21
[0  0  1  0  0  0  1  0  1  0  1  0  0  0  1  1  1  0  0  0  1]
[1  1  0  1  0  1  1  0  0  1  0  1  0  0  1  1  0  0  1]
[1  0  1  0  1  0  1  0  1  1  1  0  0  0  0  0  0  0  0  0  1]
[0  1  1  1  1  1  1  0  1  1  0  1  0  1  0  1  0  1  1  0  1]
[1]
[1  1  1  0  0  0  0  0  1  0  0  1  0  0  1  1  1  1  0  1  1]
[1  0  0  0  0  0  0  0  0  1  0  0  1  0  1  0  1  1  0  0  1]
[1]
1049101
1049101
9343
[1  0  1  0  0  1  1  0  0  0  0  0  0  0  0  0  0  0  0  0  0  1]
#
21
[0  1  1  0  1  0  0  0  0  1  1  1  1  1  1  1]
[1  1  0  1  1  1  1  0  0  1  0  1  0  0  1  0  1  1  0  0  1]
[0  0  0  1  1  1  0  0  0  0  1  0  1  0  0  1  0  1]
[1  0  1  0  0  0  0  1  1  0  1  0  1  0  0  1]
[1]
[0  0  0  1  0  0  1  1  0  1  0  0  0  1  1  0  0  0  1  1  1]
[0  0  0  0  0  0  1  0  1  1  1  0  1  1  1  1  1]
[1]
1049687
1049687
9343
[1  0  1  0  0  1  1  0  0  0  0  0  0  0  0  0  0  0  0  0  0  1]
#
