22
[1  0  1  1  1  1  0  1  1  1  1  1  0  0  0  0  0  0  0  1  1]
[0  1  0  0  1  0  0  1  0  1  0  0  1  0  1  0  0  0  0  1]
[1  0  0  1  1  0  0  0  1  1  1  1  0  1  1  0  0  0  1  1  0  1]
[0  1  1  1  0  1  0  0  0  1  0  0  1  0  0  1  0  0  1  0  1]
[1]
[1  0  1  0  0  0  0  1  1  1  0  0  0  0  0  0  0  0  1  0  0  1]
[0  1  1  0  0  1  1  0  0  0  1  0  1  1  0  0  0  0  0  1  1]
[1]
2097257
2097257
9343
[1  0  0  0  0  1  1  0  1  1  1  1  1  0  0  0  0  0  0  0  0  0  1]
#
22
[0  1  0  0  0  1  0  1  1  1  0  1  0  1  0  0  1  0  0  0  1  1]
[1  1  0  0  1  0  1  1  1  0  0  1  0  1  1  1  1  1  0  1  0  1]
[0  1  1  1  1  0  1  1  1  1  1  1  0  0  1  0  0  1  1  1  1  1]
[1  1  1  1  0  1  1  1  1  0  1  1  1  0  0  1  0  1  1]
[1]
[0  1  0  1  0  0  0  0  1  0  0  0  1  1  1  1  1  1  1  1  0  1]
[0  0  1  1  1  0  0  0  1  0  0  0  0  0  0  0  1  1  0  1  1  1]
[1]
2097673
2097673
9343
[1  0  0  0  0  1  1  0  1  1  1  1  1  0  0  0  0  0  0  0  0  0  1]
#
