23
[1  0  1  1  0  0  1  0  1  1  1  0  1  1  0  1  0  1  0  0  0  0  1]
[1  1  0  1  1  1  1  0  0  0  1  0  0  1  0  0  0  1  0  0  1]
[1  0  0  1  0  0  0  1  1  0  0  1  0  1  0  0  0  1  0  0  1  0  1]
[1  0  1  1  1  1  1  1  1  1  1  0  1  1  1  1  0  1  1  0  1]
[1]
[1  0  1  0  0  0  0  1  0  1  0  0  1  0  0  1  0  1  0  1  1  1  1]
[1  0  0  0  1  0  0  1  0  0  1  0  1  1  1  1  1  1  0  0  1  1]
[1]
4195771
4195771
9343
[1  0  0  0  0  1  0  0  0  0  0  0  0  0  0  0  0  0  0  0  0  0  0  1]
#
23
[1  0  0  1  0  0  0  0  0  1  1  1  0  1  0  1  0  1  0  1  1  1  1]
[1  1  1  0  1  1  0  1  0  1  0  0  1  0  0  1  1  1  1  0  0  1  1]
[1  0  1  1  0  0  0  0  1  0  0  1  1  1  1  0  0  1  1  0  0  1]
[1  1  0  0  1  0  1  0  1  1  1  1  0  1  0  0  0  0  1  0  1  1  1]
[1]
[1  1  1  0  1  1  1  1  0  1  1  0  0  1  0  1  0  1  0  1  1]
[0  1  1  1  1  0  0  0  0  0  0  1  0  1  0  1  0  1  1  1  1  1]
[1]
4195999
4195999
9343
[1  0  0  0  0  1  0  0  0  0  0  0  0  0  0  0  0  0  0  0  0  0  0  1]
#
