25
[0  0  1  0  1  1  1  0  0  0  0  1  1  0  1  0  1  0  0  0  1  1  0  1  1]
[0  0  1  0  0  0  0  0  1  1  0  0  1  0  1  1  0  0  1  0  1  1  0  0  1]
[0  1  1  0  1  1  0  0  0  0  1  1  0  0  0  0  0  1  0  1  0  0  0  1]
[0  1  0  0  0  1  0  0  0  1  0  1  1  0  1  0  0  0  1  1  1  0  1  1  1]
[1]
[0  1  1  0  1  0  0  1  1  1  0  0  0  0  1  1  0  1  0  1  1  0  0  1]
[1  0  0  0  0  0  0  1  1  1  0  0  1  1  1  1  1  0  0  1  1]
[1]
16779001
16779001
9343
[1  0  1  0  0  0  1  0  1  0  0  0  0  0  0  0  0  0  0  0  0  0  0  0  0  1]
#
25
[1  1  1  1  1  1  0  0  1  0  0  0  1  1  1  1  1  0  0  0  1  0  1  0  1]
[1  1  1  0  1  0  1  0  1  0  0  0  1  0  0  0  0  1  1  1  1  0  0  1]
[0  1  1  1  0  1  1  0  1  0  1  1  0  0  1  0  1  0  0  0  1  0  0  1]
[0  0  1  1  1  0  0  1  1  0  1  1  0  0  1  0  1  1  0  1  1  1  1  0  1]
[1]
[1  1  0  0  1  1  1  0  0  1  1  0  1  0  1  0  0  1  0  0  0  1  1  1]
[0  0  0  1  1  0  1  1  1  1  0  0  0  0  0  0  1  0  0  0  1]
[1]
16780381
16780381
9343
[1  0  1  0  0  0  1  0  1  0  0  0  0  0  0  0  0  0  0  0  0  0  0  0  0  1]
#
