27
[0  1  1  0  1  1  1  0  0  0  0  1  0  0  1  1  1  0  1  1  0  0  1  1  1]
[0  0  0  0  1  0  0  0  1  1  1  0  1  0  0  0  1  0  1  0  0  0  0  1  1]
[1  1  1  0  1  1  1  0  1  0  0  1  1  1  0  1  0  1  0  0  1  0  0  0  1  0  1]
[0  0  0  0  0  1  0  0  1  1  0  0  1  1  0  1  1  1  0  0  0  0  1  1  0  0  1]
[1]
[1  0  0  0  0  0  0  1  1  1  1  1  1  1  1  1  0  1  1  0  1  0  0  1]
[1  1  0  1  0  1  1  0  0  0  1  1  0  1  0  1  1  1  0  0  0  1  0  0  1  1  1]
[1]
67113089
67113089
9343
[1  0  1  1  0  1  0  1  0  1  1  0  1  0  0  0  0  0  0  0  0  0  0  0  0  0  0  1]
#
27
[1  0  0  0  0  1  0  1  1  0  0  1  1  0  1  1  0  1  1  0  1  1  1  1  0  0  1]
[0  0  1  0  1  0  0  0  1  0  0  0  0  0  0  0  0  0  1  1  1  0  0  0  0  0  1]
[1  1  1  1  0  1  1  0  1  1  0  0  1  0  1  0  0  1  1  1  1  1  1  0  0  1]
[1  1  0  0  1  1  0  1  1  1  1  0  0  0  1  1  0  1  0  1  1  1  0  1  1  0  1]
[1]
[1  0  1  0  0  0  1  1  0  1  0  1  0  1  0  0  1  0  1  0  0  1  1  0  1  0  1]
[1  0  1  1  1  0  0  0  0  1  1  1  1  1  1  1  0  1  1  0  1  0  1  0  1  0  1]
[1]
67116193
67116193
9343
[1  0  1  1  0  1  0  1  0  1  1  0  1  0  0  0  0  0  0  0  0  0  0  0  0  0  0  1]
#
