32
[1  0  1  1  0  0  1  1  1  1  1  0  1  1  1  0  0  1  0  0  1  0  1  1  1  1  0  1  0  0  1  1]
[1  1  1  0  1  1  1  1  1  1  1  1  0  0  1  0  1  0  0  1  1  0  1  1  0  0  1  1  0  1  1]
[0  1  1  1  1  0  0  1  0  1  1  0  0  0  0  0  0  0  0  0  1  1  1  1  1  0  0  0  1  0  1  1]
[1  1  1  1  1  0  0  0  1  1  1  1  1  1  0  1  1  1  0  0  1  1  0  0  0  1  1  1  0  0  1  1]
[1]
[1  1  1  1  0  0  0  0  0  1  1  0  0  1  1  0  1  1  0  0  0  1  0  1  0  0  0  0  1  1  1]
[1  1  0  1  1  0  1  0  1  1  1  0  0  1  1  0  0  0  0  0  1  1  1  0  1  0  1]
[1]
2147507293
2147507293
9343
[1  0  0  1  1  0  0  1  0  1  0  0  0  0  0  1  0  0  0  0  0  0  0  0  0  0  0  0  0  0  0  0  1]
#
32
[0  0  0  1  0  0  1  0  0  1  0  1  1  1  0  1  1  1  0  1  0  0  1  1  1  1  1  1  1]
[0  1  0  0  1  1  0  1  1  1  0  0  0  1  1  0  0  0  1  1  0  0  1  0  1  1  0  0  0  1  1]
[0  0  1  0  1  0  1  1  0  1  1  0  0  1  1  1  0  0  0  0  1  0  1  0  0  0  0  0  0  1  1]
[1  0  0  1  0  0  0  0  0  0  1  0  0  1  0  0  0  0  1  1  0  0  1  0  0  1  1  1  0  1  1  1]
[1]
[0  1  0  0  0  0  1  0  1  1  0  1  1  1  0  1  1  1  1  0  1  1  1  0  0  1  1  1  0  1  1  1]
[0  1  1  0  1  1  0  0  1  1  1  1  0  0  0  1  1  1  1  1  0  0  1  0  1  0  1  0  0  1]
[1]
2147534789
2147534789
9343
[1  0  0  1  1  0  0  1  0  1  0  0  0  0  0  1  0  0  0  0  0  0  0  0  0  0  0  0  0  0  0  0  1]
#
