33
[1  0  1  0  0  0  1  1  1  1  0  1  1  0  0  1  0  1  1  1  0  1  0  1  0  0  1  0  1  0  0  1]
[1  0  1  1  1  1  0  0  0  1  1  0  1  0  1  0  1  1  1  0  1  1  1  1  0  1  1  0  0  1]
[1  1  1  0  1  0  1  1  0  0  0  1  0  1  0  1  1  0  0  0  0  0  1  1  1  0  1  1  0  1  0  1]
[1  1  1  1  1  0  1  1  1  0  1  1  1  0  0  0  1  1  1  1  1  0  1  0  0  1  1  0  1  0  0  0  1]
[1]
[1  1  0  0  0  1  1  0  0  0  0  1  0  0  1  1  1  1  0  0  1  1  0  0  0  0  0  1  0  0  1  0  1]
[0  1  0  0  0  1  0  1  1  0  1  0  1  0  0  1  0  0  1  0  1  1  1  1  1  0  1  0  0  0  0  1  1]
[1]
4294998353
4294998353
9343
[1  0  0  1  0  0  1  0  1  0  1  1  1  1  0  0  0  0  0  0  0  0  0  0  0  0  0  0  0  0  0  0  0  1]
#
33
[0  1  1  0  0  1  1  1  1  1  1  0  0  0  0  1  1  1  1  0  1  1  0  1  0  1  0  0  1  0  0  1]
[1  1  1  1  1  0  1  1  0  0  0  0  1  0  1  0  0  0  0  1  0  0  0  0  1  1  0  0  0  0  1  1]
[1  1  1  0  0  1  1  0  0  1  1  0  1  1  1  0  0  0  0  1  1  1  1  0  1  0  1  1  1  1  1  1]
[0  0  0  0  1  0  0  1  1  0  1  0  0  0  1  0  0  1  1  0  1  1  0  1  0  0  1  1  0  1  1  1  1]
[1]
[1  1  1  0  1  0  1  1  1  0  0  1  1  1  0  0  1  1  1  0  0  0  0  1  1  0  1  1  1  0  1  1  1]
[0  0  0  0  0  0  1  0  1  1  1  1  1  0  1  0  1  0  0  1  0  0  0  0  1  0  0  0  0  0  1]
[1]
4295049293
4295049293
9343
[1  0  0  1  0  0  1  0  1  0  1  1  1  1  0  0  0  0  0  0  0  0  0  0  0  0  0  0  0  0  0  0  0  1]
#
