37
[1  0  0  1  0  1  1  0  1  1  0  1  0  1  1  0  0  1  1  1  0  1  1  1  1  1  1  0  0  1  0  1  1  0  0  0  1]
[0  0  0  0  0  1  1  1  1  0  1  1  0  1  0  1  0  1  0  0  1  1  1  1  1  1  1  1  0  1  0  0  0  0  0  1  1]
[1  0  0  1  0  0  1  0  0  0  1  0  1  1  1  1  1  0  0  1  1  0  1  1  1  1  1  0  1  1  0  1  1  0  0  0  1]
[0  1  0  1  1  0  1  1  0  1  0  1  0  0  0  0  1  0  0  1  1  1  0  0  0  0  0  1  1  1  1  1  0  1]
[1]
[1  1  1  0  1  1  0  0  1  1  0  1  1  1  1  1  0  1  1  0  0  0  1  1  0  0  0  0  0  1  1  1  1  1  0  1]
[1  0  0  0  0  0  1  0  0  0  1  1  0  0  1  1  1  0  1  0  1  0  0  0  0  0  0  1  1  1  0  0  1  0  0  0  1]
[1]
68719507487
68719507487
9343
[1  1  1  1  1  1  0  0  0  0  0  0  0  0  0  0  0  0  0  0  0  0  0  0  0  0  0  0  0  0  0  0  0  0  0  0  0  1]
#
37
[1  0  1  1  0  1  1  1  0  0  1  1  1  1  0  1  0  1  1  1  0  0  1  1  0  1  0  0  1  1  0  0  1  0  1  0  1]
[1  1  1  0  0  1  0  1  1  0  1  1  1  0  1  1  1  1  0  0  0  0  0  0  0  0  1  0  1  0  1  1  1  0  1]
[0  0  1  0  0  1  1  0  1  0  0  0  1  0  1  1  0  1  0  1  0  1  0  1  1  0  1  1  0  1  1  0  0  1  1]
[1  0  0  0  1  1  1  1  1  0  0  0  1  0  0  0  1  0  1  1  0  1  0  1  0  0  0  1  1  1  0  1  1  0  0  1  1]
[1]
[1  0  0  0  0  1  0  0  0  0  0  0  0  1  0  0  0  0  1  0  0  1  1  0  0  0  1  0  1  0  1  0  1  0  0  0  1]
[1  0  0  1  1  0  0  0  0  1  0  0  0  0  0  1  1  1  0  0  0  1  0  1  0  1  1  1  0  0  0  1  0  1]
[1]
68719668679
68719668679
9343
[1  1  1  1  1  1  0  0  0  0  0  0  0  0  0  0  0  0  0  0  0  0  0  0  0  0  0  0  0  0  0  0  0  0  0  0  0  1]
#
