38
[1  0  0  1  1  0  0  0  1  0  0  1  1  1  0  0  0  0  1  0  1  1  1  1  1  0  1  1  1  1  0  1  1  1  1  1  1  1]
[0  0  0  1  1  0  0  0  1  0  1  1  1  1  0  1  0  1  0  0  1  0  0  1  1  1  0  0  0  1  0  1  1  0  1  1  1]
[0  1  0  1  0  0  1  0  0  1  1  1  1  1  0  1  0  1  0  0  0  0  0  1  1  1  0  0  1  0  1  0  0  1  1  1]
[1  1  1  0  0  1  0  1  1  1  1  1  0  1  1  1  1  0  0  1  0  1  0  0  0  1  1  0  1  0  0  1  1  1  1]
[1]
[0  1  1  1  0  1  0  1  1  0  0  1  1  0  1  0  1  0  0  0  1  0  1  1  0  1  1  0  1  1  0  1  1  1  1  0  0  1]
[1  1  0  0  0  0  1  0  0  0  1  0  1  0  1  1  0  0  1  0  1  0  1  0  1  0  0  1  0  0  0  0  1  0  0  0  0  1]
[1]
137439412063
137439412063
9343
[1  1  1  0  0  1  0  0  1  1  1  0  0  0  1  0  0  0  0  0  0  0  0  0  0  0  0  0  0  0  0  0  0  0  0  0  0  0  1]
#
38
[0  0  0  1  0  0  0  0  1  0  0  1  0  1  1  0  0  0  0  0  0  0  1  0  0  1  0  0  1  0  1  0  1  0  1  0  0  1]
[0  0  0  0  0  1  0  0  0  1  1  0  1  0  0  1  1  0  0  0  0  0  1  0  0  1  0  1  1  0  0  1  1  0  1  0  0  1]
[0  1  0  1  0  1  1  1  0  1  1  0  1  0  0  1  0  1  0  1  1  1  1  0  1  1  1  1  1  0  0  1  1  0  1  1  1  1]
[1  1  0  1  0  1  0  0  0  0  0  1  1  0  0  0  1  1  0  1  1  1  0  0  0  1  1  1  0  0  1  1  0  1]
[1]
[1  0  1  1  0  0  1  1  0  0  1  0  0  1  1  0  1  0  1  1  1  1  1  1  0  0  0  0  1  0  1  1  1  0  1  1  0  1]
[0  1  1  1  0  1  0  0  0  0  1  1  0  1  0  0  1  1  0  0  0  0  1  0  1  0  1  0  0  1  1  1  1  0  0  0  0  1]
[1]
137439082799
137439082799
9343
[1  1  1  0  0  1  0  0  1  1  1  0  0  0  1  0  0  0  0  0  0  0  0  0  0  0  0  0  0  0  0  0  0  0  0  0  0  0  1]
#
