40
[0  1  1  1  1  1  1  0  0  0  1  0  1  0  1  1  0  1  1  0  0  0  0  1  0  1  1  0  1  0  0  0  0  0  0  1  1  0  0  1]
[1  1  0  0  0  0  1  1  0  1  0  0  0  1  1  1  1  1  1  0  1  1  1  0  1  1  1  1  0  0  0  0  1  0  0  1  0  0  1  1]
[1  0  1  0  1  0  1  0  1  1  0  0  0  1  1  1  0  0  1  1  1  0  0  0  0  0  1  1  0  1  1  0  0  0  1  0  0  1  1  1]
[1  1  0  0  1  1  0  1  0  0  1  0  1  1  1  1  1  1  0  0  0  0  0  1  0  0  1  0  1  0  1  0  1  0  0  1  1  0  1]
[1]
[0  0  1  0  1  0  0  0  0  0  1  0  0  0  0  0  0  1  1  0  1  1  0  0  1  1  1  0  0  1  1  0  0  0  0  0  1  1]
[1  0  0  1  0  0  1  0  0  1  1  1  1  0  0  0  1  0  1  0  1  1  1  0  1  0  1  0  0  0  1  1  0  0  0  0  1  1  0  1]
[1]
549756593003
549756593003
9343
[1  1  0  1  0  1  0  0  1  0  0  0  1  1  0  1  1  0  1  0  0  1  0  1  0  0  0  0  0  0  0  0  0  0  0  0  0  0  0  0  1]
#
40
[1  1  1  1  0  0  1  1  1  0  1  1  1  1  1  0  0  1  1  1  0  0  0  1  1  1  1  0  1  1  0  1  0  0  1  1]
[0  1  1  1  0  0  0  1  1  1  1  0  0  1  1  1  1  1  1  0  1  1  1  0  0  1  1  0  1  0  1  1  0  1  0  1  0  1  1  1]
[1  0  1  0  1  1  1  1  0  1  0  0  1  0  0  1  0  1  1  1  0  1  1  0  1  0  0  0  0  1  0  1  0  0  1  0  1  0  0  1]
[1  0  1  1  1  0  0  1  0  0  1  1  1  1  1  1  1  0  1  0  0  1  1  1  1  1  0  1  1  0  1  0  0  0  1  1  1  1  0  1]
[1]
[1  0  1  0  1  1  0  1  1  0  0  0  0  1  1  1  0  1  0  1  0  0  0  1  0  0  1  0  1  1  0  0  0  1  0  0  0  1  0  1]
[0  0  1  0  1  0  0  1  0  1  1  0  1  0  1  1  0  0  0  0  0  1  1  0  0  1  0  0  1  1  0  0  1  0  1  0  0  1  1]
[1]
549756651727
549756651727
9343
[1  1  0  1  0  1  0  0  1  0  0  0  1  1  0  1  1  0  1  0  0  1  0  1  0  0  0  0  0  0  0  0  0  0  0  0  0  0  0  0  1]
#
