31
[1  0  1  0  0  0  1  1  1  0  1  1  1  0  0  0  1  1  0  1  0  0  0  1  1  1  0  0  1  0  1]
[1  1  1  0  0  0  1  1  1  1  0  1  1  0  1  0  1  0  0  1  0  1  1  1  0  1  1  0  0  1  1]
[1  1  1  0  1  1  0  0  1  0  0  1  1  0  1  1  0  1  0  1  0  1  0  1  1  1  1  0  1  0  1]
[1  0  1  0  0  1  1  0  0  1  1  1  1  1  1  0  1  1  1  1  1  0  1  0  1  1  1  0  0  1  1]
[1]
[1  1  0  1  1  0  0  0  0  0  0  1  0  1  0  0  1  1  1  0  1  1  1  0  0  0  0  1  0  0  1]
[1  1  1  1  1  0  0  1  0  0  0  0  0  1  0  1  1  0  1  1  0  1  0  1  0  0  1  1  1  1]
[1]
1073759459
1073759459
9343
[1  0  0  1  0  0  0  0  0  0  0  0  0  0  0  0  0  0  0  0  0  0  0  0  0  0  0  0  0  0  0  1]
#
