18
[0  1  1  0  1  1  1  1  0  0  0  1  1  0  1  0  0  1]
[1  0  1  0  1  1  0  1  0  1  1  1  1  0  1]
[0  1  0  0  0  1  1  0  0  1  0  0  0  1  0  0  1  1]
[0  0  0  1  0  0  1  1  1  0  1  1  0  0  1  1]
[1]
[1  1  0  0  1  1  1  0  0  1  1  1  0  0  1  1  1  1]
[1  0  1  0  0  0  1  1  1  1  0  1  1  1  1  1  0  1]
[1]
131441
131441
9343
[1  1  0  0  0  0  0  0  0  0  1  0  1  0  0  0  0  0  1]
#
18
[1  1  0  1  0  0  0  1  0  0  1  0  1  1  0  0  0  1]
[0  1  0  0  1  1  1  0  1  1  0  1  1  1  0  1  0  1]
[0  1  0  0  1  1  0  0  1  0  1  0  0  0  1  1  0  1]
[1  1  0  1  0  1  0  1  0  0  0  0  0  0  0  0  1  1]
[1]
[1  0  1  0  0  0  1  0  0  1  1  0  1  0  1  1  0  1]
[0  0  1  0  0  1  0  0  1  1  0  0  0  1  0  1  1  1]
[1]
131543
131543
9343
[1  1  0  0  0  0  0  0  0  0  1  0  1  0  0  0  0  0  1]
#
