19
[1  1  0  1  0  1  0  0  0  1  1  0  1  1  0  1  0  0  1]
[1  1  0  0  1  0  1  1  1  0  0  0  0  1  0  1  0  1  1]
[1  1  1  1  1  0  0  1  1  0  1  0  1  1  1  1  1  0  1]
[0  1  1  1  0  1  0  1  0  1  1  1  0  0  0  1  0  0  1]
[1]
[1  1  1  1  1  1  0  0  1  0  1  0  0  0  0  1  1  0  1]
[1  0  1  1  1  1  1  0  1  0  1  0  0  1]
[1]
262489
262489
9343
[1  1  1  0  0  1  0  0  0  0  0  0  0  0  0  0  0  0  0  1]
#
19
[1  1  1  0  0  0  0  1  1  0  1  0  0  1  1  1  0  0  1]
[0  1  0  1  0  0  1  1  1  1  0  0  1  1  0  1]
[0  1  1  1  1  0  1  0  0  1  0  0  0  0  1  1  1  1]
[0  1  0  0  0  1  0  1  0  0  1  0  1  1  1]
[1]
[1  0  0  0  1  1  0  0  0  1  1  1  0  1  1]
[1  1  0  1  0  1  0  1  1  0  0  1  0  0  1]
[1]
262501
262501
9343
[1  1  1  0  0  1  0  0  0  0  0  0  0  0  0  0  0  0  0  1]
#
