20
[1  1  1  0  0  1  1  1  0  1  0  1  0  1  1  0  0  1  0  1]
[1  0  1  1  1  0  1  1  0  1  0  1  1]
[0  0  0  0  1  0  0  1  0  0  1  0  0  1  0  1  1  1  0  1]
[1  0  0  1  1  0  0  0  0  0  1  0  0  0  1  0  0  1  0  1]
[1]
[1  1  0  1  0  1  0  1  0  0  0  0  0  0  1  1  1]
[0  0  0  1  0  1  1  1  0  1  0  1  1  1  1  0  1  0  1  1]
[1]
524507
524507
9343
[1  1  0  0  1  1  1  1  0  1  1  0  0  0  0  0  0  0  0  0  1]
#
20
[1  0  0  1  1  0  0  1  0  1  0  1  1  0  0  1  0  0  0  1]
[0  1  1  0  1  1  0  0  1  1  1  1  0  0  0  1  1  1  1]
[1  0  0  0  0  0  1  1  1  0  0  1  1  1  1  0  0  1  1  1]
[0  1  0  1  1  1  0  0  1  0  0  0  1  1  0  1  1  1]
[1]
[0  1  0  0  0  0  1  1  1  1  1  1  1  0  0  1  0  0  0  1]
[0  1  1  0  0  1  1  0  1  1  1  0  1  1  1  0  1  0  0  1]
[1]
524309
524309
9343
[1  1  0  0  1  1  1  1  0  1  1  0  0  0  0  0  0  0  0  0  1]
#
