24
[0  0  0  1  1  0  1  1  0  0  0  1  0  1  0  1  0  1  0  1  0  0  0  1]
[0  1  1  0  0  0  1  0  1  0  0  0  0  0  0  1  1  0  1  1]
[0  1  1  0  1  1  0  1  1  0  0  0  0  1  0  1  0  0  0  0  1  1  0  1]
[1  0  0  1  1  0  1  1  0  0  1  1  0  0  0  0  0  1  1  0  0  1  0  1]
[1]
[1  1  0  0  1  1  1  1  0  1  1  1  0  1  0  1  1  1  0  1  0  1  1  1]
[0  1  1  1  0  0  0  1  0  0  0  1  0  1  1  1  1  0  1  1  1  1  1]
[1]
8389231
8389231
9343
[1  0  0  1  0  1  0  1  0  1  1  0  0  1  1  1  1  0  0  0  0  0  0  0  1]
#
24
[0  1  1  0  1  0  0  0  1  1  1  1  0  1  1  0  1  0  1  1  1  1  1  1]
[1  1  1  0  1  0  1  0  1  1  0  0  1  0  0  0  0  0  1  1  1  1  1]
[1  1  0  1  1  0  1  0  0  0  0  0  1  0  0  1  0  0  1  0  1  0  1  1]
[0  1  0  0  1  0  0  0  0  1  1  1  0  1  0  0  0  1  0  1  0  0  1  1]
[1]
[1  1  1  1  0  1  1  0  1  0  0  1  1  1  0  0  0  1  1  1  0  0  0  1]
[1  1  0  1  0  0  0  1  0  1  1  1  1  0  1  1  0  1  0  1  1  1]
[1]
8388697
8388697
9343
[1  0  0  1  0  1  0  1  0  1  1  0  0  1  1  1  1  0  0  0  0  0  0  0  1]
#
