26
[1  1  1  0  0  1  1  0  0  1  0  0  0  1  1  0  1  0  1  1  0  1]
[0  0  1  1  1  1  1  0  1  1  1  1  1  1  0  1  0  0  0  0  0  1]
[0  0  0  1  1  0  1  0  1  0  1  1  0  0  0  1  0  0  0  1  1  0  1  0  1]
[1  1  0  1  0  0  1  1  0  1  1  0  1  0  0  1  0  0  1  1  0  0  0  1  1]
[1]
[1  0  0  0  0  0  1  0  0  0  0  1  1  1  1  1  1  1  1  1  1  0  0  1]
[0  1  1  0  1  1  0  1  1  0  1  1  0  0  0  1  1  1  1  0  0  0  1  1  1  1]
[1]
33560101
33560101
9343
[1  1  0  0  1  0  1  1  1  0  1  0  0  0  1  0  0  0  0  0  0  0  0  0  0  0  1]
#
26
[1  1  0  0  1  1  0  1  0  0  1  0  1  0  1  1  0  0  1  1  1  0  1  1  1]
[0  0  0  1  1  0  0  0  0  0  1  1  1  0  0  1  0  0  0  0  1  0  1  1]
[0  1  1  0  0  1  0  0  0  0  1  0  0  0  1  0  0  0  0  1  0  1  1  1]
[1  0  1  0  1  1  0  1  0  1  1  1  0  0  1  1  1  0  1  1  0  1  1  1]
[1]
[0  1  1  1  0  1  1  0  1  1  0  0  0  1  0  0  1  1  1  1  1  0  0  0  1]
[0  1  1  1  1  1  1  0  1  1  1  0  0  1  1  0  0  0  1  1  0  1  0  0  0  1]
[1]
33555737
33555737
9343
[1  1  0  0  1  0  1  1  1  0  1  0  0  0  1  0  0  0  0  0  0  0  0  0  0  0  1]
#
