28
[1  1  1  0  1  0  1  1  0  0  1  0  0  0  1  1  0  0  0  0  1  0  0  0  1  1]
[0  0  0  1  0  1  0  1  0  1  0  0  1  1  0  0  0  0  1  1  0  0  0  1  1  0  0  1]
[0  0  1  1  1  0  1  1  0  0  0  0  0  1  1  1  1  1  0  1  1  0  1  0  1  1  1]
[1  0  0  0  0  1  0  1  1  0  0  0  1  1  0  0  1  1  0  1  1  1  1  1  0  1  1]
[1]
[1  1  1  1  1  0  1  1  1  0  0  0  0  0  1  1  1  0  1]
[0  0  1  1  0  1  1  1  1  0  1  1  0  0  0  1  1  1]
[1]
134231723
134231723
9343
[1  0  1  0  0  1  1  1  0  0  0  0  0  1  0  0  0  0  0  0  0  0  0  0  0  0  0  0  1]
#
28
[1  1  0  1  0  0  1  0  1  0  0  1  1  1  1  0  0  1  0  1  0  1  0  0  0  1  1]
[1  1  0  1  0  1  0  1  1  1  0  0  0  1  0  0  0  0  1  1  0  0  1]
[1  1  1  0  1  0  0  1  0  1  1  1  1  1  0  0  0  1  1  0  1  1  1]
[0  1  1  1  0  1  1  0  0  0  0  0  1  1  1  1  0  1  1  0  1  1  1  0  0  0  1]
[1]
[0  0  0  1  1  1  1  1  1  0  1  0  1  1  0  1  1  0  0  0  1  1  0  1  1  1  1  1]
[0  0  1  1  0  1  0  0  1  0  1  1  0  0  1  1  0  1  1  0  0  1  0  1  0  1  0  1]
[1]
134227477
134227477
9343
[1  0  1  0  0  1  1  1  0  0  0  0  0  1  0  0  0  0  0  0  0  0  0  0  0  0  0  0  1]
#
