29
[1  0  1  1  0  1  0  0  0  0  0  1  1  0  1  0  1  0  0  0  0  0  0  0  1  0  1  0  1]
[0  0  0  1  0  1  1  0  0  0  0  0  1  0  0  0  0  0  0  0  1  1  1  0  1  1  0  1  1]
[1  0  0  1  0  0  0  0  0  1  1  1  1  0  1  0  0  0  0  0  0  0  0  1  1  1]
[0  0  1  1  0  0  0  1  1  0  0  0  0  0  0  0  0  1  0  0  1  1  0  1  0  1  1  1  1]
[1]
[1  1  1  0  1  0  1  1  0  0  1  1  0  0  1  1  1  0  0  1  0  1  0  0  1]
[1  0  0  1  1  1  1  0  1  1  1  1  0  1  1  0  1  1  0  0  0  1  0  1  0  1]
[1]
268450463
268450463
9343
[1  0  1  0  0  0  0  0  0  0  0  0  0  0  0  0  0  0  0  0  0  0  0  0  0  0  0  0  0  1]
#
29
[0  0  0  1  0  0  1  1  1  1  0  1  0  0  0  0  0  0  1  0  0  1  1  0  1  0  0  1  1]
[1  0  0  1  0  1  0  0  1  0  0  0  0  1  1  1  1  1  0  0  1  1  1  1  1  0  0  1]
[1  0  0  1  1  1  1  0  0  1  1  1  1  1  1  0  1  0  1  0  0  0  0  1  1  0  0  0  1]
[1  0  1  0  1  1  1  1  0  0  0  1  1  0  1  1  1  1  0  1  0  0  0  1  1  0  0  1  1]
[1]
[1  0  0  1  1  1  0  1  0  0  0  1  1  1  0  1  1  1  1  0  0  1  0  1  1  1  0  0  1]
[0  1  0  1  0  0  0  1  1  0  1  0  1  0  0  1  0  0  0  1  1  1  0  1  0  0  1  1  1]
[1]
268437857
268437857
9343
[1  0  1  0  0  0  0  0  0  0  0  0  0  0  0  0  0  0  0  0  0  0  0  0  0  0  0  0  0  1]
#
