30
[1  1  1  1  0  0  1  1  0  0  0  0  0  0  0  0  1  0  1  1  1  1  0  0  0  0  0  1]
[1  1  0  1  1  0  0  0  0  1  0  0  1  0  1  1  1  1  1  0  1  1  1  1  0  1  1  0  1]
[0  0  1  0  0  0  1  0  1  0  1  0  1  0  1  1  0  0  1  0  1  0  0  0  1  1  0  0  1]
[1  0  0  0  0  0  0  1  0  0  0  1  0  0  0  1  1  1  1  1  0  1  0  1  0  0  0  1  0  1]
[1]
[0  1  1  1  0  0  1  1  0  0  0  0  0  1  1  1  1  1  0  0  0  0  1  0  1  0  1  1]
[1  0  0  0  0  0  0  0  0  1  1  1  0  1  1  0  0  1  1  0  0  1  0  0  0  1]
[1]
536877793
536877793
9343
[1  1  1  1  0  1  0  1  0  0  0  1  0  1  0  0  1  1  0  0  0  0  0  0  0  0  0  0  0  0  1]
#
30
[1  1  1  0  1  0  0  1  0  0  0  1  0  1  0  0  0  1  0  1  0  0  0  0  0  0  0  1]
[0  0  0  1  0  0  0  1  1  0  1  0  1  0  1  1  1  0  1  1  0  0  1  1  0  1  0  0  1]
[1  0  1  1  0  0  1  1  1  0  1  0  0  0  0  1  0  0  0  0  0  0  0  0  0  1  1  0  0  1]
[1  0  0  0  1  0  1  0  1  0  0  1  1  1  0  0  1  1  1  0  0  0  0  0  0  0  1  1  1  1]
[1]
[0  1  1  1  1  1  0  1  1  1  1  1  1  1  0  1  0  0  0  1  1  0  0  1  1  0  1  1  0  1]
[0  0  0  0  1  0  1  1  1  0  0  1  0  0  1  1  0  1  1  0  0  1  1  0  0  1  0  0  0  1]
[1]
536883863
536883863
9343
[1  1  1  1  0  1  0  1  0  0  0  1  0  1  0  0  1  1  0  0  0  0  0  0  0  0  0  0  0  0  1]
#
