31
[1  0  1  1  0  1  1  1  1  0  1  1  0  0  0  0  0  0  0  1  0  1  0  0  0  1  1  1  1  0  1]
[1  0  0  1  1  0  1  1  0  1  0  1  1  0  0  1  1  1  1  1  1  0  0  0  1  1  0  0  1  0  1]
[1  1  1  1  1  1  0  1  1  1  0  0  0  0  0  1  0  0  0  1  0  1  1  1  1  1  1  1  1]
[0  1  1  1  1  0  1  1  1  1  0  0  1  0  1  0  1  0  1  1  0  1  1  0  1  0  0  1  0  1]
[1]
[1  1  1  1  1  0  0  0  0  0  0  0  1  1  1  1  0  0  1  0  1  0  0  1  1  1  1  1  0  1  1]
[1  0  1  0  1  1  0  0  0  0  0  1  1  1  1  0  1  1  1  0  0  0  0  1  0  1  1  0  0  1]
[1]
1073777863
1073777863
9343
[1  0  0  1  0  0  0  0  0  0  0  0  0  0  0  0  0  0  0  0  0  0  0  0  0  0  0  0  0  0  0  1]
#
31
[1  0  0  1  1  0  1  1  0  0  0  0  0  0  1  1  1  1  0  1  1  0  1  0  0  1  1  0  0  0  1]
[0  0  0  1  0  1  1  1  1  1  1  1  0  1  0  0  1  0  1  0  0  0  0  1  1  0  1  1  0  1  1]
[1  1  0  1  0  1  0  1  0  0  1  1  1  1  0  1  0  0  0  0  1  1  1  1  1  1  1  0  0  1  1]
[1  1  0  1  1  0  1  0  1  1  0  0  1  0  1  0  0  0  1  1  1  1  0  1  1  0  0  1  1  0  1]
[1]
[1  0  1  0  0  0  1  1  0  1  0  1  1  1  0  0  0  0  1  0  0  1  1  0  1  1  0  0  0  0  1]
[1  1  1  1  1  0  0  1  0  0  0  1  0  1  1  1  0  1  1  0  1  1  0  1  1  0  0  1]
[1]
1073762581
1073762581
9343
[1  0  0  1  0  0  0  0  0  0  0  0  0  0  0  0  0  0  0  0  0  0  0  0  0  0  0  0  0  0  0  1]
#
