34
[1  1  0  0  0  0  1  0  1  1  1  1  1  1  0  0  1  1  1  1  1  0  1  0  0  1  0  0  1  1  1  1  1  1]
[1  1  1  0  0  0  0  1  1  0  0  1  1  1  1  0  0  1  0  1  1  1  1  0  0  1  0  0  1  0  0  1  1]
[0  0  1  1  1  0  0  1  1  1  0  0  0  1  1  0  1  0  0  1  1  1  0  1  1  0  0  0  1  1  0  0  1]
[1  0  1  1  0  1  0  1  1  1  0  0  0  0  0  1  1  0  0  1  1  1  1  0  0  1  0  1  0  0  0  1  0  1]
[1]
[1  1  1  0  1  0  1  1  1  1  0  1  0  0  1  1  0  1  0  0  0  0  1  0  0  1  0  1  1  0  0  0  1]
[0  0  0  0  0  0  0  0  1  0  1  1  0  1  0  1  1  0  0  0  0  0  1  0  1  0  1  0  1  1  1]
[1]
8589942547
8589942547
9343
[1  1  1  0  1  1  1  1  1  0  0  1  1  0  0  1  1  0  0  0  0  0  0  0  0  0  0  0  0  0  0  0  0  0  1]
#
34
[1  1  1  0  0  0  0  1  0  1  0  0  0  1  0  1  1  0  0  1  0  1  1  1  1  0  0  1  0  0  1  1  1]
[0  0  1  0  0  1  0  1  0  0  0  1  1  1  0  0  1  1  1  1  0  0  0  0  0  1  0  0  1  0  0  1  1]
[0  0  0  1  1  1  1  0  1  1  1  0  0  1  0  1  1  1  1  1  1  0  0  0  0  1  0  1  0  0  0  1  0  1]
[1  0  0  1  1  1  0  1  1  0  0  1  0  0  1  0  1  0  0  1  1  1  0  1  0  0  1  1  1  0  1  0  1  1]
[1]
[1  1  0  0  1  0  1  0  1  0  1  1  0  0  0  0  1  0  0  1  1  1  0  1  0  0  1  0  1  1]
[1  1  0  1  1  1  1  0  0  1  0  0  0  0  1  0  1  0  0  0  0  1  1  1  0  0  0  0  1  0  1  1  1]
[1]
8590037983
8590037983
9343
[1  1  1  0  1  1  1  1  1  0  0  1  1  0  0  1  1  0  0  0  0  0  0  0  0  0  0  0  0  0  0  0  0  0  1]
#
