35
[1  0  1  1  0  1  1  1  1  0  1  1  0  0  0  1  1  1  0  0  1  1  0  1  1  0  0  1  1  1  1]
[1  1  1  1  0  0  1  0  1  0  1  1  0  1  1  0  0  1  1  1  0  0  0  0  0  1  0  1  1  0  0  0  0  1  1]
[1  0  0  0  1  0  0  1  1  1  1  1  1  0  1  1  0  1  1  1  1  1  1  1  1  0  0  1  1  1  1  0  0  0  1]
[0  0  0  1  1  0  1  1  1  0  1  1  1  1  0  0  1  0  0  0  1  0  0  0  1  0  1  0  0  0  1  0  1  0  1]
[1]
[1  1  1  0  1  0  0  1  0  1  0  0  0  1  0  1  1  1  1  0  1  0  1  0  1  1  1  1  0  1  0  0  1  1  1]
[1  0  1  1  0  0  0  0  1  0  1  1  0  1  1  0  1  1  0  0  0  1  1  1  1  1  0  0  1  0  1  1]
[1]
17180024287
17180024287
9343
[1  0  1  0  0  1  0  1  0  0  1  1  0  0  0  0  0  0  0  0  0  0  0  0  0  0  0  0  0  0  0  0  0  0  0  1]
#
35
[1  1  1  0  1  0  1  1  1  0  1  0  0  0  1  1  0  0  1  1  0  0  0  0  0  1  0  1  0  1  0  0  0  1]
[1  1  0  0  1  1  1  1  0  1  0  1  1  0  0  1  0  1  1  0  1  1  1  1  0  1  0  1  1  1  1  0  0  1]
[1  0  1  1  1  0  1  0  1  1  0  1  0  1  1  1  1  1  1  1  0  1  0  0  1  1  1  0  1  1  0  1  0  1  1]
[1  1  0  0  0  0  1  1  1  1  1  1  0  1  1  1  0  0  0  0  0  0  1  0  0  1  1  1  0  0  0  1  0  1  1]
[1]
[1  1  1  1  1  1  0  1  0  0  0  0  1  1  1  1  1  0  0  0  0  1  0  1  1  1  1  1  0  1  0  1  1  1  1]
[1  1  0  1  1  0  1  1  0  1  0  1  0  0  1  0  0  0  0  0  0  1  1  0  0  1  0  1  1  1  0  0  1  1]
[1]
17179976747
17179976747
9343
[1  0  1  0  0  1  0  1  0  0  1  1  0  0  0  0  0  0  0  0  0  0  0  0  0  0  0  0  0  0  0  0  0  0  0  1]
#
