36
[0  1  1  0  0  1  1  0  1  0  0  0  1  0  0  1  1  1  0  0  0  1  1  1  0  0  0  0  1  0  1  0  0  1  1]
[0  1  0  0  0  1  1  1  1  0  0  1  1  1  0  1  1  0  0  1  1  0  0  1  1  0  0  0  0  1  0  1  1  0  1]
[0  1  1  1  1  1  1  1  0  0  0  0  1  0  1  0  0  1  0  0  0  0  1  0  0  1  1  1  1  1  0  0  1  1  1]
[1  0  0  1  0  1  0  0  1  1  0  1  0  1  0  1  1  1  1  0  1  0  1  0  0  0  1  1  1  1  1  1  1  1  0  1]
[1]
[0  0  0  1  0  1  1  0  0  0  0  0  1  1  0  1  0  0  0  0  1  0  1  1  1  1  0  1  0  1  1  0  1  0  1]
[1  1  0  0  0  1  0  0  1  0  1  1  1  1  1  1  0  0  1  0  1  0  0  0  0  0  0  1  0  1  0  0  0  1  0  1]
[1]
34359856031
34359856031
9343
[1  1  0  0  0  1  1  0  1  0  0  0  0  1  1  0  0  1  0  1  1  0  1  1  0  0  0  0  0  0  0  0  0  0  0  0  1]
#
36
[1  1  1  1  0  1  1  0  1  0  0  0  1  1  1  1  1  0  0  0  1  1  0  0  0  1  0  1  0  1  0  0  1]
[1  0  1  0  1  1  1  1  1  0  1  0  0  0  1  0  1  1  0  1  0  1  1  0  1  0  1  1  1  0  0  0  0  0  1  1]
[0  0  1  0  0  1  0  0  0  1  1  1  1  0  1  1  1  0  1  1  0  1  0  0  0  1  0  1  1  0  0  1  0  1  0  1]
[0  1  0  1  0  1  1  1  0  0  1  1  0  1  0  0  0  0  1  0  0  1  1  1  1  0  0  0  1  0  1  0  0  1  1]
[1]
[0  0  0  1  1  1  1  1  0  1  1  1  1  1  1  1  0  1  0  0  1  0  1  1  0  1  0  0  1  0  0  1  0  1  1  1]
[0  1  1  1  1  0  1  0  1  0  0  1  0  1  1  1  0  0  1  0  1  0  0  1  0  0  1  1  1  0  1  0  0  0  1  1]
[1]
34359924257
34359924257
9343
[1  1  0  0  0  1  1  0  1  0  0  0  0  1  1  0  0  1  0  1  1  0  1  1  0  0  0  0  0  0  0  0  0  0  0  0  1]
#
