39
[0  0  1  1  1  1  0  1  1  0  0  0  0  1  0  1  0  1  1  1  0  1  0  1  1  0  1  0  0  1  0  0  0  0  0  1  0  0  1]
[0  1  1  1  0  1  1  0  0  0  0  1  1  1  1  0  1  1  0  1  1  0  1  0  1  1  0  1  0  0  1  0  1  1  1  1  1]
[1  0  0  1  0  1  0  1  1  0  0  0  0  0  0  0  0  1  1  1  1  0  0  1  1  0  1  1  1  1  0  0  1  1  1  1  0  1  1]
[1  0  1  1  0  0  1  0  1  1  0  1  1  0  1  0  0  1  1  0  1  0  0  1  1  0  1  0  1  0  1  1  0  1  0  1  1  0  1]
[1]
[1  1  0  1  0  0  1  0  0  0  0  1  1  1  0  1  1  1  0  0  1  0  0  1  0  0  0  1  1  1  0  0  0  0  1  1]
[1  1  1  1  0  0  1  0  1  0  1  1  1  1  1  1  0  0  1  0  0  0  1  1  1  1  0  1  1  1  1  1  0  1  0  0  1  1  1]
[1]
274878031489
274878031489
9343
[1  0  1  0  0  1  1  1  0  1  1  1  1  0  0  1  0  0  0  0  0  0  0  0  0  0  0  0  0  0  0  0  0  0  0  0  0  0  0  1]
#
39
[0  0  1  1  1  0  0  0  0  0  1  1  1  1  0  1  1  0  0  1  0  1  0  1  0  1  0  0  1  0  1  1  1  1  1  0  1]
[0  1  1  0  1  0  1  1  0  0  1  1  0  1  1  0  0  0  1  1  0  0  0  0  1  1  0  1  0  1  1  0  0  1  0  1  1  0  1]
[0  1  1  1  0  0  1  1  0  0  1  1  0  0  1  0  0  0  0  1  0  0  1  0  0  1  0  1  0  1  0  0  0  1  1]
[0  1  1  1  1  1  1  1  0  0  0  0  0  0  1  0  0  0  1  1  0  0  1  0  0  0  0  0  1  0  0  0  0  1  0  0  1]
[1]
[0  1  0  0  0  0  0  1  0  1  1  1  1  1  1  0  1  0  1  0  0  0  1  0  1  0  0  0  1  1  1  0  0  0  1  0  1  0  1]
[0  1  0  0  0  0  1  0  1  1  1  0  0  1  1  0  1  0  1  1  1  0  0  1  0  0  0  0  0  0  0  1  1  0  0  1  1  0  1]
[1]
274878389183
274878389183
9343
[1  0  1  0  0  1  1  1  0  1  1  1  1  0  0  1  0  0  0  0  0  0  0  0  0  0  0  0  0  0  0  0  0  0  0  0  0  0  0  1]
#
