46
[0  0  0  1  1  1  0  1  1  0  1  0  0  1  1  0  0  1  1  0  1  1  1  1  1  0  0  0  1  0  1  1  1  1  0  0  1  0  0  1  1  0  0  1  0  1]
[1  1  1  1  0  1  1  0  0  0  0  0  1  1  0  1  0  0  0  1  1  0  1  0  1  0  0  0  1  0  1  1  1  1  1  0  0  0  1  0  1  0  0  0  0  1]
[1  0  1  0  0  1  1  1  1  1  1  1  1  1  1  0  0  1  1  1  1  0  0  0  1  1  1  1  0  0  0  1  1  1  1  0  1  1  1  1  1  0  0  1  0  1]
[0  0  0  0  0  1  1  0  0  0  0  1  1  0  1  1  1  1  1  1  1  1  0  0  0  0  0  1  0  0  0  1  0  0  1  1  1  1  1  1  1  1  1]
[1]
[1  1  1  0  0  1  0  1  0  0  0  0  1  0  1  0  0  0  0  1  0  0  1  1  1  0  1  0  1  0  1  0  1  0  0  1  1  0  0  0  0  1  0  0  0  1]
[0  0  0  0  1  1  0  0  1  0  1  0  1  1  1  0  1  1  1  1  0  0  0  1  1  0  0  1  1  1  0  1  1  0  0  1  1  1  1  1  0  0  1  0  1]
[1]
35184379805833
35184379805833
9343
[1  0  0  0  0  0  0  0  0  0  0  0  0  0  1  0  0  1  0  0  1  1  0  1  0  0  0  0  0  0  0  0  0  0  0  0  0  0  0  0  0  0  0  0  0  0  1]
#
46
[1  1  1  0  0  0  0  0  0  0  0  1  0  1  1  1  0  0  0  1  0  0  0  1  0  0  1  0  0  0  0  1  1  0  1  0  1  1  0  0  0  0  0  1]
[0  1  1  1  0  1  1  1  0  1  0  0  0  0  1  0  1  0  0  1  0  1  1  0  1  0  0  1  1  1  0  1  0  0  1  1  1  1  1  0  0  1]
[0  0  1  0  0  1  0  0  1  0  0  1  1  0  1  0  1  0  0  1  1  1  1  1  0  0  1  1  0  0  1  0  0  1  0  0  0  0  1  1  0  1  0  1  1  1]
[0  1  0  1  1  1  1  1  1  0  0  1  0  0  1  1  1  0  1  1  1  0  0  1  0  0  0  1  0  0  0  0  1  1  0  0  0  0  0  0  1]
[1]
[1  1  1  1  1  1  1  0  0  1  1  0  0  1  0  1  1  1  0  1  1  1  0  0  1  0  1  0  1  1  1  1  1  1  0  1  0  0  0  0  0  0  0  0  0  1]
[1  0  0  1  1  1  1  0  1  0  0  1  1  1  0  0  1  1  1  0  0  1  1  1  0  1  0  0  0  1  0  1  1  0  0  1  0  0  1  0  0  1  1  1  0  1]
[1]
35184379140023
35184379140023
9343
[1  0  0  0  0  0  0  0  0  0  0  0  0  0  1  0  0  1  0  0  1  1  0  1  0  0  0  0  0  0  0  0  0  0  0  0  0  0  0  0  0  0  0  0  0  0  1]
#
46
[1  1  1  1  0  1  1  1  0  1  1  1  1  1  0  1  0  1  0  1  0  0  0  0  1  0  0  1  1  1  1  0  0  1  0  0  0  1  1  0  1  1  1  0  1]
[0  1  0  1  1  0  0  0  0  0  1  0  0  0  1  1  1  0  1  0  0  1  0  0  0  1  0  1  0  1  0  0  1  0  1  0  1  1  1  0  1  1  1  0  1]
[1  0  1  0  0  0  1  1  0  0  1  1  0  0  1  0  0  0  1  0  0  0  1  1  1  0  0  0  1  0  0  0  1  1  0  0  1  1  0  0  0  1  1  1  1]
[1  0  0  1  0  0  1  1  0  1  1  0  1  0  1  0  0  0  1  1  1  0  0  0  1  0  0  0  1  1  0  1  0  1  0  0  1  1  0  0  1  1  1  1  1  1]
[1]
[1  0  1  1  1  1  0  1  1  0  0  1  0  0  1  1  1  1  0  0  1  0  0  0  0  0  1  1  1  1  0  1  1  1  0  0  1  0  1  1  0  1  0  0  1]
[1  1  0  0  1  0  1  0  0  1  1  1  0  1  1  1  1  0  0  1  0  1  0  0  1  1  0  0  1  1  1  1  0  0  1  0  0  0  0  1  1  0  0  1  1  1]
[1]
35184374959693
35184374959693
9343
[1  0  0  0  0  0  0  0  0  0  0  0  0  0  1  0  0  1  0  0  1  1  0  1  0  0  0  0  0  0  0  0  0  0  0  0  0  0  0  0  0  0  0  0  0  0  1]
#
