84
[0  1  0  1  1  1  1  0  0  1  0  0  0  1  1  0  1  0  1  0  1  1  0  1  0  1  1  0  0  0  0  0  1  0  0  1  1  1  0  1  0  1  0  0  1  0  0  1  0  0  0  1  1  1  0  1  1  0  1  1  1  0  1  0  1  1  0  0  1  0  1  0  1  1  0  1  0  0  0  1  1  0  1]
[0  1  0  0  1  0  1  1  0  0  0  0  1  1  0  0  1  1  0  1  1  0  0  1  1  1  1  1  1  1  0  0  0  1  0  1  0  1  0  1  0  1  1  1  0  1  0  0  1  0  0  1  1  0  0  0  0  0  0  0  1  1  0  1  1  0  1  0  1  1  1  0  0  0  0  0  0  1  1  1]
[1  0  0  0  1  1  1  0  1  0  1  1  1  0  1  1  0  1  0  0  1  0  1  1  1  0  0  0  0  0  0  0  0  0  1  1  0  1  0  1  0  0  1  1  0  0  1  0  1  0  1  0  1  1  1  1  1  0  0  0  1  0  0  1  0  1  1  1  0  0  1  1  1  1  0  0  0  0  0  0  1]
[0  0  1  0  0  1  0  0  0  1  0  0  0  0  0  0  1  1  0  1  0  1  1  0  0  0  0  1  1  1  1  1  1  1  0  1  0  0  1  1  0  0  0  1  1  1  0  1  0  1  1  1  1  1  0  1  1  0  1  0  0  1  0  1  0  0  0  1  1  1  0  1  0  1  1  0  0  1  1  1  1  1]
[1]
[1  1  0  1  1  0  1  1  0  0  0  1  0  0  0  1  1  1  1  0  1  1  0  1  0  0  0  0  0  0  0  0  1  1  0  1  1  1  1  0  0  0  0  1  0  0  1  1  1  1  1  0  0  0  1  0  0  0  0  0  0  1  0  1  1  1  0  0  1  1  1  1  1  0  0  1  0  1  0  1  0  0  1  1]
[0  0  1  0  1  1  0  0  0  1  1  0  1  0  0  0  1  0  1  0  1  0  0  1  1  1  0  0  1  0  0  1  0  1  1  1  1  0  0  1  1  1  1  0  0  1  1  0  0  1  1  1  1  0  1  0  1  1  0  1  0  0  1  1  1  1  1  1  1  1  0  0  1  0  1  0  0  0  1  1  1  0  1  1]
[1]
9671406556919550319582483
9671406556919550319582483
9343
[1  0  1  0  1  1  0  1  1  1  0  1  1  1  0  0  1  1  0  0  1  1  0  0  1  1  1  0  1  0  0  1  1  0  0  0  0  1  0  1  0  1  0  0  0  0  1  1  1  0  0  0  1  0  0  0  0  1  0  0  0  0  0  0  0  0  0  0  0  0  0  0  0  0  0  0  0  0  0  0  0  0  0  0  1]
#
